sex,BBheight,BBexcercise,BBstar,BBEeucation,BBsmoking,BBpets,BBcannabis,BBlooking,BBkids,BBreligion,BBpolitics,BBvoting,BBtotal,LRheight,LRExcercise,LRstar,LReducation,LRsmoking,LRpets,LRcannabis,LRlooking,LRkids,LRreligion,LRpolitics,LRvoting,LRtotal
F,1,0,1,1,1,1,1,1,1,0,1,0,9,0,0,0,1,1,0,1,1,1,0,1,0,6
M,1,1,0,1,1,1,0,1,1,1,1,1,10,0,0,0,1,1,0,1,1,1,1,1,1,8
F,0,0,0,1,1,0,1,1,0,1,0,0,5,0,0,0,1,1,0,1,1,1,1,0,0,6
F,1,1,0,1,1,1,0,0,0,0,1,0,6,1,1,0,1,1,0,0,0,0,0,1,1,6
M,1,0,0,1,0,1,0,1,1,0,0,0,5,0,0,0,0,0,1,0,1,0,0,0,0,2
F,0,1,1,1,0,0,0,1,0,0,0,0,4,0,1,0,1,1,0,0,1,0,0,1,0,5
F,1,1,1,1,1,1,1,1,1,0,0,1,10,0,0,0,1,1,1,1,1,1,0,1,1,8
F,1,0,1,1,1,1,0,1,0,0,1,1,8,0,1,0,1,1,0,1,1,0,1,1,1,8
F,1,0,0,1,0,0,0,1,0,0,1,0,4,1,1,0,1,0,0,1,1,0,1,1,0,7
F,0,0,0,1,0,1,0,0,0,0,1,1,4,0,0,0,1,1,0,0,1,1,0,1,0,5
F,1,1,1,1,1,1,0,1,0,0,0,1,8,1,0,0,1,1,0,0,1,1,0,1,1,7
M,1,1,0,0,0,0,0,1,0,0,1,0,4,1,0,0,0,1,0,0,1,0,1,1,0,5
F,1,1,0,1,1,0,0,1,0,0,1,0,6,0,0,0,1,1,0,0,1,0,0,1,0,4
F,0,1,0,0,0,1,0,1,0,0,1,0,4,0,0,0,0,1,0,0,1,0,1,1,0,4
F,0,1,0,1,1,1,0,1,0,0,0,0,5,0,0,0,1,1,0,0,1,0,0,1,0,4
F,1,1,1,1,1,1,1,1,1,1,1,1,12,1,0,0,1,1,0,0,1,1,1,1,1,8
F,1,0,1,1,0,1,0,0,0,0,1,0,5,1,0,0,1,0,0,0,0,1,0,1,0,4
M,1,1,0,1,1,1,0,1,0,0,0,0,6,0,1,0,1,1,1,0,1,1,0,0,0,6
F,0,0,1,1,1,1,1,1,0,0,0,1,7,0,0,0,0,0,0,0,1,0,0,1,1,3
M,1,1,0,1,0,1,0,1,0,0,0,0,5,0,1,0,1,0,1,0,1,0,0,0,0,4
F,1,1,0,1,1,1,0,0,0,0,0,0,5,1,1,0,1,1,1,0,0,0,0,0,0,5
F,0,1,0,1,0,0,0,0,0,0,1,1,4,0,1,0,1,0,0,0,1,0,0,1,1,5
F,1,0,0,1,0,0,0,0,0,1,0,0,3,1,1,0,1,1,0,1,1,1,1,1,0,9
M,0,0,0,0,0,1,0,0,0,0,1,0,2,0,0,0,1,1,1,1,0,0,0,1,0,5
F,1,0,0,1,1,0,0,0,0,1,1,1,6,0,0,0,1,1,0,0,0,0,0,1,1,4
F,0,1,1,1,0,0,0,1,0,0,1,0,5,0,1,0,1,0,0,0,1,1,0,1,0,5
F,0,0,0,1,0,0,0,1,0,0,0,0,2,1,0,0,1,1,0,1,1,1,0,0,0,6
F,1,0,0,1,1,0,1,1,0,0,1,0,6,0,0,0,1,1,0,1,1,0,0,1,0,5
F,0,1,0,1,0,0,0,1,0,1,1,0,5,1,0,0,1,0,0,0,1,0,1,0,0,4
F,1,1,0,1,0,1,0,1,1,0,1,0,7,1,1,0,1,1,1,0,1,0,0,1,1,8
F,0,0,0,1,1,0,1,0,0,0,1,0,4,0,0,0,1,1,0,1,0,1,1,1,0,6
F,1,0,1,1,1,0,1,1,0,1,1,1,9,1,0,0,1,0,0,0,1,0,0,1,1,5
M,1,1,1,0,0,1,0,1,0,0,0,0,5,1,1,0,0,1,0,1,1,1,1,1,1,9
M,1,1,1,1,0,0,0,1,0,0,0,0,5,1,0,0,1,0,0,0,1,0,0,0,0,3
F,0,1,1,0,0,0,1,1,0,0,0,1,5,0,0,0,0,1,0,0,1,0,0,0,1,3
F,1,0,1,1,1,1,1,0,1,0,0,0,7,0,0,1,1,1,0,1,1,0,0,1,0,6
F,0,0,1,0,1,1,0,1,0,0,0,0,4,0,1,0,1,1,0,0,1,1,1,1,0,7
F,0,0,0,1,1,0,0,1,0,0,0,0,3,0,0,0,1,1,0,1,1,0,0,1,1,6
F,1,0,0,1,0,0,0,1,0,0,0,0,3,0,0,0,1,0,0,0,1,1,0,0,0,3
F,1,0,1,1,0,0,0,0,0,0,0,0,3,0,0,0,0,0,0,0,0,1,0,0,0,1
M,1,1,1,1,1,1,1,1,0,1,1,1,11,0,0,0,0,1,0,0,1,1,1,1,1,6
F,0,1,0,0,1,1,0,0,0,0,1,1,5,0,1,0,0,1,0,1,1,1,0,1,1,7
F,1,0,1,1,1,1,0,1,0,1,0,0,7,1,0,0,1,0,1,1,1,0,1,1,0,7
F,1,1,0,1,0,0,0,1,1,0,0,0,5,1,0,0,1,1,0,1,1,1,0,0,0,6
F,1,1,1,1,1,1,1,1,1,1,1,1,12,1,0,0,0,1,0,0,0,1,1,1,1,6
M,0,0,1,1,0,1,0,0,0,0,0,0,3,0,0,0,0,0,0,0,1,0,1,1,0,3
M,1,1,1,1,1,1,1,1,1,1,1,1,12,0,0,1,1,1,1,1,1,1,1,1,1,10
F,1,0,1,1,1,1,1,1,0,0,1,0,8,0,0,0,0,1,0,1,1,0,0,1,0,4
M,0,0,0,1,0,0,0,1,0,0,0,0,2,0,0,0,0,1,0,1,0,1,1,1,0,5
F,1,1,0,0,0,1,0,0,0,0,0,0,3,0,1,0,0,1,1,1,0,0,0,1,0,5
F,0,1,1,0,0,0,1,0,0,0,0,1,4,0,1,1,0,0,0,1,0,1,0,0,1,5
F,0,0,1,1,1,1,0,1,1,1,1,1,9,0,0,0,1,1,1,0,1,1,1,1,1,8
F,1,0,1,1,1,0,0,1,0,0,1,0,6,0,0,0,0,1,0,0,1,0,0,1,0,3
M,1,1,0,1,0,0,0,0,0,0,0,0,3,0,1,0,1,1,0,0,1,1,0,0,0,5
F,0,0,0,1,0,1,0,0,0,0,1,1,4,0,0,0,1,1,0,0,1,1,0,1,0,5
M,1,1,0,1,0,1,0,1,0,0,0,0,5,0,1,0,1,1,0,0,1,0,0,0,0,4
F,1,0,1,1,0,1,0,1,0,0,1,0,6,1,0,0,1,0,0,0,0,1,0,1,0,4
F,0,1,1,1,1,1,1,1,1,0,1,0,9,0,0,0,0,1,0,1,1,1,0,1,0,5
F,1,1,1,1,0,1,0,1,0,1,1,1,9,1,0,0,1,0,0,0,1,1,1,1,1,7
M,1,1,1,1,1,1,1,1,1,1,0,0,10,0,1,1,1,1,0,0,1,0,0,0,0,5
M,1,1,1,1,1,1,1,1,0,1,1,1,11,0,0,1,1,1,0,0,1,1,1,0,1,7
M,1,1,0,1,0,1,1,1,0,0,1,1,8,0,0,0,1,1,0,1,1,1,0,1,0,6
F,1,0,1,0,0,1,1,1,0,0,1,1,7,1,0,0,0,1,1,1,1,0,0,1,1,7
M,1,0,1,1,1,0,0,0,0,0,0,0,4,0,0,0,0,1,0,0,1,1,1,1,0,5
F,1,1,1,1,1,1,1,1,0,0,0,0,8,0,0,0,0,1,0,1,1,0,0,0,0,3
M,1,1,1,1,1,1,1,1,0,1,1,1,11,0,0,0,0,1,1,0,1,1,0,1,1,6
F,0,0,1,1,0,1,0,1,0,0,1,1,6,1,0,0,1,0,0,0,1,0,0,1,1,5
F,1,0,0,1,1,1,1,1,0,0,0,0,6,1,1,0,1,1,1,1,1,1,0,0,0,8
F,0,1,1,1,0,1,0,0,0,0,1,1,6,0,0,0,1,1,0,0,0,0,1,1,1,5
F,1,0,1,1,0,0,0,1,0,0,1,0,5,0,0,0,1,0,0,0,1,0,0,1,0,3
F,1,1,1,1,0,1,0,0,0,0,0,0,5,0,1,0,1,1,1,1,1,1,0,1,0,8
F,1,0,1,1,0,1,0,0,0,0,1,1,6,1,0,0,1,1,1,0,0,0,0,1,1,6
F,1,0,0,1,1,1,0,1,0,0,1,1,7,0,0,0,0,1,1,0,1,0,0,0,1,4
F,0,0,1,1,0,0,0,1,0,0,1,1,5,0,0,1,1,0,0,1,1,0,0,0,1,5
F,1,0,0,1,1,1,1,1,0,0,0,0,6,0,0,0,0,1,1,1,1,1,1,1,0,7
F,1,1,1,1,0,0,0,1,0,0,0,1,6,1,1,0,1,1,0,0,1,0,0,1,1,7
F,1,0,1,1,1,1,1,0,0,0,1,0,7,0,0,0,1,1,1,0,0,0,0,1,0,4
F,0,1,0,1,0,1,0,1,0,1,1,0,6,0,1,0,1,0,1,0,1,1,1,1,0,7
F,0,1,0,0,0,0,1,1,1,0,0,1,5,1,0,0,1,1,0,0,1,0,0,1,0,5
F,1,0,1,1,1,0,1,1,0,1,1,1,9,0,0,0,1,1,0,1,1,0,0,1,1,6
F,1,0,0,1,0,0,0,0,0,0,0,0,2,1,0,0,0,0,0,0,0,0,0,0,0,1
F,0,1,1,1,0,1,0,1,0,0,0,0,5,0,1,0,1,0,0,0,1,0,0,0,0,3
F,1,0,0,1,1,1,1,1,1,0,1,1,9,0,0,0,1,1,1,1,1,1,1,1,1,9
F,1,0,1,1,1,1,1,1,0,0,0,1,8,0,1,0,1,1,0,1,1,1,0,1,1,8
F,1,0,0,1,0,1,0,0,0,0,0,0,3,1,0,0,1,1,0,0,0,0,0,1,0,4
F,0,1,1,1,1,0,0,1,1,1,0,0,7,0,1,0,1,1,1,1,1,1,0,0,0,7
M,0,1,0,1,1,0,1,1,0,0,0,1,6,1,0,0,1,1,0,1,1,0,0,0,1,6
F,0,0,0,0,0,1,0,1,0,1,1,1,5,0,0,0,0,1,0,0,0,0,0,1,1,3
M,1,1,0,1,0,1,0,0,0,0,0,0,4,0,1,0,1,1,0,0,0,1,1,1,0,6
F,0,0,0,1,1,1,0,1,0,0,1,1,6,1,0,0,1,1,0,0,1,0,0,1,1,6
M,1,0,0,1,1,0,1,1,1,0,0,0,6,0,0,0,1,1,0,0,1,1,0,0,0,4
F,1,0,0,1,1,0,1,1,0,0,1,1,7,0,0,0,0,1,0,0,1,1,0,1,0,4
F,1,1,1,1,0,1,1,0,0,0,0,0,6,0,1,0,1,1,0,1,0,0,0,0,0,4
F,1,1,0,1,1,1,1,1,1,1,1,0,10,1,1,0,1,1,1,0,1,1,1,1,0,9
M,1,1,1,0,0,0,0,0,0,1,1,0,5,1,1,1,1,1,0,1,0,1,0,0,0,7
F,1,0,1,1,0,1,0,0,0,1,1,0,6,1,0,0,0,0,0,0,1,0,1,1,0,4
F,1,0,0,1,1,1,1,1,1,1,1,0,9,0,0,0,1,1,1,1,1,1,1,1,0,8
F,1,0,0,1,1,1,1,1,0,0,1,0,7,1,0,0,1,1,0,1,1,0,0,1,0,6
F,1,1,0,1,1,1,0,1,0,0,1,0,7,0,1,0,1,1,0,0,1,1,0,1,0,6
F,0,0,0,1,1,0,1,1,0,1,1,1,7,0,0,0,1,1,0,1,1,0,1,1,0,6
F,1,0,1,1,0,1,0,0,0,0,1,1,6,1,0,0,1,0,0,0,0,0,1,1,1,5
F,0,1,0,1,0,0,0,1,0,0,1,0,4,0,0,0,0,0,0,0,1,0,1,1,0,3
F,1,1,1,1,1,1,0,0,1,1,1,1,10,0,1,0,1,1,1,0,1,1,1,1,1,9
F,1,0,1,1,0,1,0,0,0,0,0,0,4,0,0,0,0,0,1,0,1,0,0,1,0,3
F,0,1,1,1,1,1,1,1,0,0,1,1,9,0,0,1,1,1,1,1,1,1,1,1,1,10
F,1,1,0,1,1,1,1,1,1,1,1,1,11,1,0,0,1,1,0,0,1,1,1,1,1,8
F,1,0,0,1,0,0,1,1,1,0,0,0,5,1,0,0,0,1,0,0,1,1,0,1,1,6
M,1,0,0,0,0,1,1,1,1,0,0,0,5,0,0,0,0,1,1,0,1,1,0,0,0,4
F,1,0,1,1,0,1,1,1,0,0,0,0,6,0,0,0,0,0,1,1,1,0,0,0,0,3
M,1,0,0,0,1,1,1,1,0,0,0,0,5,0,0,0,0,1,0,1,1,1,0,1,0,5
